5.0 1.25E-10
Sol 1.32712440018E20 6.957E8 0 0 0 0 0 0 255 255 0
Mercury 2.2032E13 4879000.0 -1.42148E10 -4.37486E10 0.0 -56093 -18225 0.0 200 127 200
Venus 3.24859E14 1.2104E7 -8.14843935277918E10 8.787081463914418E11 0.0 22615.37227157735 -26501.662696400745 0.0 255 127 0
Earth 3.986004418E14 6371000.0 -1.779144865241142E10 8.001047240314716E11 0.0 29534.611421648668 -3334.5333231593263 0.0 0 255 0
Mars 4.282837E13 3389500.0 2.05858E11 -1.80103E10 0.0 -2309 -26399 0.0 255 0 0
Jupiter 1.6686534E17 6.9911E7 -2.933776761116132E11 1.6821600710659104E12 0.0 -12125.762787111871 -4225.946323660937 0.0 255 127 0
Saturn 3.7931187E16 5.8232E7 1.2634407014989458E12 1.438660380873298E12 0.0 -3531.8372671194315 9539.265672763104 0.0 200 200 0
Uranus 5.793939E15 2.3363E7 -2.3636054531135747E12 2.684513752047747E12 0.0 -4034.9028369718467 -5231.163368002818 0.0 150 150 200
Neptune 6.836529E15 2.4622E7 2.5927212947152017E12 -2.6732179948337627E12 0.0 4437.47910228919 3212.7109289518594 0.0 100 100 200
Pluto 8.71E11 1187000.0 3.9708811015486865E12 -4.2247727562855854E12 0.0 3884.99228357735 1804.3205318105863 0.0 70 70 70