true 
Central 1E20 1E6 0 0 0 0 0 255 0
Test_Object 100 1E5 1E11 0 0 10000 120 120 120
Test_Object 100 1E5 1.2E11 0 0 10000 120 120 120
Test_Object 100 1E5 1.4E11 0 0 10000 120 120 120
Test_Object 100 1E5 1.6E11 0 0 10000 120 120 120
Test_Object 100 1E5 1.8E11 0 0 10000 120 120 120
Test_Object 100 1E5 2E11 0 0 10000 120 120 120
Test_Object 100 1E5 2.2E11 0 0 10000 120 120 120
Test_Object 100 1E5 2.4E11 0 0 10000 120 120 120
Test_Object 100 1E5 2.6E11 0 0 10000 120 120 120
Test_Object 100 1E5 2.8E11 0 0 10000 120 120 120
Test_Object 100 1E5 3E11 0 0 10000 120 120 120
Test_Object 100 1E5 3.2E11 0 0 10000 120 120 120
Test_Object 100 1E5 3.4E11 0 0 10000 120 120 120
Test_Object 100 1E5 3.6E11 0 0 10000 120 120 120