8.0 4.0E-9
Sol 1.327124E20 6.957E8 9.843593880125201E12 1.0992039093779465E13 1.5274324580214803E13 631.3010535205322 678.40746353464 974.7495187474673 255 255 0
Mercury 2.2032E13 4879000.0 9.868375571690389E12 1.0940585640153398E13 1.5267184581422045E13 39291.05664174703 27701.286262607813 -473.8548464402996 200 127 200
Venus 3.24859E14 1.2104E7 9.94203064682228E12 1.1009013137793545E13 1.5270428168303068E13 -3150.8800613774406 37799.99563506627 1601.0136358384975 255 127 0
Luna 4.904869E12 1737000.0 9.85745029502716E12 1.1160170662553637E13 1.5273405645844934E13 -26867.437690339895 5823.22294772016 426.6581726967055 128 128 128
Earth 3.986004E14 6371000.0 9.85752344171401E12 1.1159768399414662E13 1.5273412236033549E13 -25926.525555732445 5979.338574767282 348.6464520559211 0 255 0
Mars 4.282837E13 3389500.0 9.710482136185291E12 1.1221912840244773E13 1.5272154564364145E13 -18296.96883841292 -7467.647122806034 229.51892541376014 255 0 0
Io 5.96E12 1821500.0 2.7438840651854995E15 1.3846329569713892E15 -2.477809257477933E15 41222.52075386773 20810.8323323086 -37226.67439531243 200 200 30
Europa 3.203E12 1560800.0 2.988007413159346E15 1.4516530636308855E15 -7.229206414983162E14 44887.993754319126 21817.040297410287 -10860.671113021637 200 200 200
Ganymede 9.89E12 2631200.0 9.785064073985805E12 1.175179576021083E13 1.5229032519263568E13 -26259.095469929354 -317.4906390319235 1720.0603748595638 120 120 120
Callisto 7.179E12 2410300.0 9.784290866631824E12 1.1749511364875635E13 1.5229206564245418E13 -2201.0512478456963 -2758.2714199911575 1494.3469793920463 150 150 150
Jupiter 1.6686534E17 6.9911E7 9.784809930897664E12 1.1751004867967057E13 1.5229082009021254E13 -11693.428439352949 -54.7792915184975 1555.8391902377587 255 127 0
Saturn 3.7931187E16 5.8232E7 -3.2644787155978416E16 -3.7801449071638584E16 -5.3351157480633144E16 -2085630.6339441556 -2415092.355811887 -3408510.8068048395 200 200 0
Uranus 5.793939E15 2.3363E7 1.509669513565297E13 8.783594321474565E12 1.456097692980101E13 2022.8239438169842 4068.592949512499 1476.9171795148982 150 150 200
Neptune 6.836529E15 2.4622E7 1.2312986491237914E13 1.3744525780164576E13 1.476588992687921E13 -4467.54932388512 4021.122335203857 2183.5880064159537 100 100 200
Charon 1.08E11 606000.0 -1.2246264048886076E16 7.214109577391176E15 -7.476682417194001E15 -105445.76871416954 62054.5030677803 -64362.02631532267 90 90 70
Pluto 8.71E11 1187000.0 -1.1660875813032214E16 8.906122098690798E15 -6.44118004848748E15 -100405.39095117195 76623.95722277678 -55445.599681768814 70 70 70
