6.0 0.000000001
Sol 	1.327124E20 695700000 	0 			0 		0 		0 		0 		0 	9 		255 255 0
Mercury 2.2032E13 	4879000 	45.75E9 	0 		4808E6 	0 		58980 	0 	1407.6 	200 127 200
Venus 	3.24859E14 	12104000 	107.31E9 	0 		6275E6	0 		35260 	0 	-5832.5 255 127 0
Luna 	4.904869E12 1737000 	147.4533E9 	0 		0 		0 		31372 	0 	655.7 	128 128 128
Earth 	3.986004E14 6371000 	147.09E9 	0 		0 		0 		30290 	0 	23.9 	0 255 0
Mars 	4.282837E13 3389500 	206.5E9 	0 		6850E6 	0 		26500 	0 	24.6 	255 0 0
Io 		5.96E12 	1821500 	740.52E9 	422E6 	0 		-19863 	13720 	0 	400.5 	200 200 30
Europa 	3.203E12 	1560800 	740.52E9 	664E6 	0 		-15934 	13720 	0 	171.7 	200 200 200
Ganymede 9.89E12 	2631200 	741.592E9 	0 		0 		0 		26220 	0 	85.2 	120 120 120
Callisto 7.179E12 	2410300 	742.416E9 	0 		0 		0 		23070 	0 	42.5 	150 150 150
Jupiter 1.6686534E17 69911000 	740.52E9 	0 		0 		0 		13720 	0 	9.9 	255 127 0
Saturn 	3.7931187E16 58232000 	1352.55E9 	0 		0 		0 		10180 	0 	10.7 	200 200 0
Uranus 	5.793939E15 23363000 	2741.30E9 	0 		0 		0 		7110 	0 	-17.2 	150 150 200
Neptune 6.836529E15 24622000 	4444.45E9 	0 		0 		0 		5500 	0 	16.1 	100 100 200
Charon 	1.08E11 	606000 		7375.9496E9 0 		0 		0 		3921 	0 	20 		90 90 70
Pluto 	8.71E11 	1187000 	7375.93E9 	0 		0 		0 		3710 	0 	-153.3 	70 70 70