6.0 0.000000001
//Name	Mass		Radius		Dist x		Dist Y	Dist Z	Vel X	Vel Y	Vel Z	Rot Rate	R	G	B
Sol 	1.327124E20 695700000 	0 			0 		0 		0 		0 		0 		9 			255 255 0
Mercury 2.2032E13 	4879000 	45.75E9 	0 		4808E6 	0 		58980 	0 		1407.6 		200 127 200
Venus 	3.24859E14 	12104000 	107.31E9 	0 		6275E6	0 		35260 	0 		-5832.5 	255 127 0
Earth 	3.986004E14 6371000 	147.09E9 	0 		0 		0 		30290 	0 		23.9 		0 255 0
Mars 	4.282837E13 3389500 	206.5E9 	0 		6850E6 	0 		26500 	0 		24.6 		255 0 0
Jupiter 1.6686534E17 69911000 	740.3E9 	0 		16.8E9 	0 		13720 	0 		9.9 		255 127 0
Saturn 	3.7931187E16 58232000 	1351E9	 	0 		58.99E9 0 		10180 	0 		10.7 		200 200 0
Uranus 	5.793939E15 23363000 	2741E9	 	0 		38.27E9 0 		7110 	0 		-17.2 		150 150 200
Neptune 6.836529E15 24622000 	4442E9	 	0 		139.6E9	0 		5500 	0 		16.1 		100 100 200
