6.0 0.000000001
Sol 	1.32712440018E20 	695700000 	-1.067598502264559E9 	-4.182343932742174E8	3.083761810502339E7		9.312570119 -12.824749 	-0.16333351	9 		255 255 0
Mercury 2.2032E13 			4879000 	-2.05293248950238E10 	-6.733150961915883E10	-3.649016796491526E9 	37004.30445	-11177.241	-4307.79131	1407.6 	200 127 200
Venus 	3.24859E14 			12104000 	-1.085240925511762E11	-5.303249423204727E9 	6.166471932105646E9		139.1218618	-35153.120	-560.205654	-5832.5 255 127 0
Luna 	4.9048695E12 		1737000 	-2.785824064408012E10	1.440040826454132E11	6.649759431736171E7		-29141.4161	-6213.1037	-11.4880067	655.7 	128 128 128
Earth 	3.986004418E14 		6371000 	-2.756663225908748E10	1.442790623859790E11	3.022639667461067E7		-29784.9474	-5482.1197	1.845651E-2	23.9 	0 255 0
Mars 	4.282837E13 		3389500 	2.069805421180782E11	-2.425286839967330E9	-5.125451306151839E9	1171.984953	26283.2398	522.1336704	24.6 	255 0 0
Io 		5.96E12 			1821500 	5.978997353200475E11	4.393157187586703E11	-1.518539620743409E10 	-13297.6314	27677.8134	636.1065889	400.5 	200 200 30
Europa 	3.203E12 			1560800 	5.969387767073832E11	4.388304388432431E11	-1.521401298904330E10	-438.250912	-545.10717	-86.5719734	171.7 	200 200 200
Ganymede 9.89E12 			2631200 	5.966786760610297E11	4.385010631655545E11	-1.523061808276743E10	-912.910183	2805.85414	-99.6324397	85.2 	120 120 120
Callisto 7.179E12 			2410300 	5.978251007731776E11	4.410387121398844E11	-1.513130540131572E10	-15973.5202	12624.1214	72.26131759	42.5 	150 150 150
Jupiter 1.26686534E17 		69911000 	5.975000211131111E11	4.391864520344723E11 	-1.519605959260824E10	-7900.54785	11143.3927	130.7020411	9.9 	255 127 0
Saturn 	3.7931187E16 		58232000 	9.573177602149103E11	9.824380491118083E11	-5.518214264971441E10	-7421.900388	6723.93100	177.5749526	10.7 	200 200 0
Uranus 	5.793939E15 		23363000 	2.157907443424685E12	-2.055043562439291E12	-3.559450170338964E10	4646.586246	4614.77417	-43.0809537	-17.2 	150 150 200
Neptune 6.836529E15 		24622000 	2.513978815469385E12	-3.739132876996946E12	1.906311691462183E10	4474.587946	3063.15562	-166.411711	16.1 	100 100 200
Charon 	1.08E11 			606000 		-1.478405490688186E12	-4.183007743458853E12	8.752351087661014E11	5124.855993	-2726.1493	-1090.44739	20 		90 90 70
Pluto 	8.71E11 			1187000 	-1.478398652818382E12	-4.182993259043261E12	8.752464028914407E11	5269.182278	-2669.2376	-1250.77264	-153.3 	70 70 70